RawData_01487.png 147 258 11 32
RawData_00376.png 673 84 12 31
RawData_01371.png 91 338 12 28
RawData_01215.png 120 272 14 33
RawData_01838.png 66 428 11 27
RawData_01714.png 234 170 10 27
RawData_02001.png 342 108 15 28
RawData_01538.png 268 136 13 32
RawData_00652.png 80 612 12 31
RawData_00477.png 95 620 13 30
RawData_00481.png 894 324 12 30
RawData_01245.png 104 666 12 30
RawData_01132.png 193 421 15 32
RawData_00782.png 668 113 14 33
RawData_01362.png 89 326 13 32
RawData_01977.png 232 853 13 29
RawData_00780.png 873 320 13 30
RawData_00205.png 887 298 18 27
RawData_00540.png 81 499 14 30
RawData_01249.png 192 169 16 33
RawData_01795.png 796 150 14 33
RawData_01245.png 125 676 13 29
RawData_01129.png 186 432 12 33
RawData_00656.png 115 629 11 31
RawData_00204.png 840 740 13 28
RawData_02085.png 923 378 12 33
RawData_00762.png 81 461 13 31
RawData_01714.png 51 540 16 28
RawData_01062.png 803 768 15 30
RawData_00584.png 816 234 12 33
RawData_01818.png 910 291 10 30
RawData_01814.png 905 331 20 29
RawData_01294.png 111 694 13 35
RawData_01362.png 92 358 10 29
RawData_01728.png 51 470 22 27
RawData_00715.png 95 549 10 28
RawData_01072.png 868 721 13 31
RawData_01971.png 838 231 15 31
RawData_02114.png 874 260 14 34
RawData_00733.png 78 503 12 30
RawData_01795.png 864 316 26 29
RawData_01733.png 940 482 15 29
RawData_00954.png 941 404 13 33
RawData_00374.png 161 754 11 30
RawData_01733.png 944 452 13 31
RawData_01662.png 929 564 12 33
RawData_00584.png 83 407 15 33
RawData_01362.png 88 387 13 28
RawData_00415.png 903 333 13 32
RawData_01887.png 174 258 24 28
RawData_01157.png 218 806 11 30
RawData_00764.png 80 491 10 27
RawData_01928.png 598 153 26 28
RawData_00792.png 781 738 15 33
RawData_01249.png 193 170 14 31
RawData_00231.png 795 693 23 27
RawData_01968.png 230 853 11 29
RawData_01239.png 148 226 15 29
RawData_00696.png 90 569 15 32
RawData_01230.png 105 699 21 29
RawData_01448.png 402 863 14 33
RawData_01822.png 184 259 15 28
RawData_00953.png 944 407 14 35
RawData_01818.png 906 322 18 28
RawData_01662.png 928 596 17 28
RawData_02005.png 355 82 14 30
RawData_00238.png 808 197 21 25
RawData_01733.png 938 395 14 29
RawData_01233.png 158 214 14 30
RawData_00491.png 894 324 11 30
RawData_01685.png 290 100 15 31
RawData_00159.png 951 533 11 28
RawData_00944.png 271 138 12 31
RawData_01245.png 104 666 12 30
RawData_01137.png 56 495 12 29
RawData_00540.png 836 290 12 27
RawData_00104.png 158 231 12 29
RawData_00530.png 906 318 10 32
RawData_01473.png 305 604 15 33
RawData_00159.png 950 501 15 33
RawData_01362.png 944 452 11 31
RawData_01371.png 91 307 11 28
RawData_01351.png 86 348 12 28
RawData_00233.png 734 399 13 27
RawData_00388.png 676 115 10 33
RawData_02184.png 399 104 12 28
RawData_00530.png 95 587 11 31
RawData_01362.png 104 301 14 29
RawData_01351.png 951 506 11 28
RawData_01356.png 80 374 14 33
RawData_01685.png 256 146 11 30
RawData_00675.png 66 542 11 29
RawData_02055.png 944 586 11 27
RawData_01733.png 815 818 14 31
RawData_02085.png 495 86 11 28
RawData_01378.png 905 358 13 30
RawData_01938.png 174 260 12 29
RawData_02123.png 503 927 12 30
RawData_00739.png 77 524 14 28
RawData_01294.png 63 478 14 30
RawData_00954.png 857 545 11 30
RawData_00782.png 79 487 13 28
RawData_00787.png 67 449 12 33
RawData_01477.png 312 596 11 29
RawData_00104.png 89 344 12 30
RawData_01629.png 929 665 12 30
RawData_02094.png 537 924 13 32
RawData_00953.png 855 554 13 31
RawData_00233.png 807 187 14 29
RawData_01189.png 67 421 22 28
RawData_01070.png 168 440 15 30
RawData_00792.png 75 453 13 30
RawData_00209.png 875 251 15 30
RawData_00993.png 848 270 12 33
RawData_01728.png 949 479 15 32
RawData_01626.png 185 774 11 32
RawData_00507.png 101 610 11 26
RawData_01356.png 100 310 12 29
RawData_01809.png 881 314 10 28
RawData_00953.png 857 553 11 32
RawData_01685.png 925 571 23 25
RawData_01343.png 949 536 12 30
RawData_01809.png 899 317 13 31
RawData_00798.png 75 432 14 27
RawData_00398.png 938 406 12 29
RawData_01728.png 59 439 14 32
RawData_00489.png 94 625 13 27
RawData_01271.png 88 584 12 30
